flir_camera:
  ros__parameters:
    camera_info.distortion_model: "plumb_bob"
    camera_info.d: [-0.2930187006, 0.0766519801, -0.0024064056, -0.0013189951, -0.0082861489]
    camera_info.k: [856.0586966016, 0.0000000000, 958.8775560512, 0.0000000000, 848.9009904528, 776.4661091031, 0.0000000000, 0.0000000000, 1.0000000000]
    camera_info.r: [1.0000000000, 0.0000000000, 0.0000000000, 0.0000000000, 1.0000000000, 0.0000000000, 0.0000000000, 0.0000000000, 1.0000000000]
    camera_info.p: [856.0586966016, 0.0000000000, 958.8775560512, 0.0000000000, 0.0000000000, 848.9009904528, 776.4661091031, 0.0000000000, 0.0000000000, 0.0000000000, 1.0000000000, 0.0000000000]
calibration:
  generated_at_utc: "2026-03-28T12:44:22Z"
  image_width: 1936
  image_height: 1464
  board_cols: 6
  board_rows: 5
  square_size_m: 0.0800000000
  captured_frames: 21
  rms_reprojection_error: 1.6893621959
  mean_reprojection_error: 1.6893643568
